1 39
1.2130534953457113 0.318187438654759 0.7569202147668634 0.39085345257869075 0.2755999640542252 -1.1769031089021489 -0.0033584041926851054 -0.6322823649042373 1.001857388812173 0.4259169799891693
0.06045383839694604 2.156649709452713 2.188012436016715 0.05630956667922567 -0.04825735311187168 -0.022505942631364306 -0.4344113439042079 0.08297682254564263 0.04942089384158969 -0.07273606695614347 -0.12062357540434561 -0.0032860991860235327 0.8731647418722637 -0.01654476035765386 -0.1370222543269877 0.3108651086620451 -0.0729856528136909 0.09322353455358844 0.2344870643861773 -0.08456653116724401 0.05868663735049014 0.12889256809452498 0.3389526364183985 -0.03617491222879977 0.22912393689428026 -0.1554502116398356 0.013225424374950494 -0.008643040295463816 -0.04523645996058519 -0.04472674742610827 0.0 0.0 0.0 0.0 0.0 0.0 0.3622340143242122 -0.008775045872810623 -0.1336888361700756 0.0888455938159327 0.19830258739916304 -0.32957764921965577 0.05392389448569281 -0.3350416637888824 0.1720639459231834 -0.17091336451716144 0.0918528286363225 0.024417291647825728 0.32838166238642996 -0.15918076784305513 -0.846516941339881 0.3182421831388787 -0.393001064373609 0.822854185510343 0.7041285341106303 -1.715131448003796 0.24956289055841904 0.5853893027545247 1.4140435219266292 -0.07301998831279502 0.30319628666067355 -0.29490216279360265 0.41274011374108316 -0.004452455087868691 0.27055784589872645 -0.33426973992250625 0.1116787156904433 0.04289217484104639 -0.416441836812446 0.10881132513711185 -0.06598567887822672 -0.7562200100001023
0.0 0.0 0.0
0.12425741589180235 2.0234081495459386 2.2668303083721186 -0.1657381294287369 -0.05650970556305341 0.05637777469585456 -0.2894138337892259 0.07996281575598316 0.09308081749092917 0.04012797932724869 -0.013139446489349628 -0.03883563344646005 1.3371727047694641 0.05462588131698096 -0.20908069332403653 0.6442955248856249 0.00462291755322011 0.0811920809966084 0.2521410596565061 -0.036063826215419856 0.05771456169970973 -0.10839082895771282 0.3881199985568407 0.05446612179428027 -0.27745669362147524 -0.19922835484832618 -0.12440797884594204 -0.019775784396537953 -0.006902759511257541 -0.03643868509039708 0.0 0.0 0.0 0.0 0.0 0.0 0.2822663690382191 -0.05085731586606196 -0.07078963313109261 0.10329369799412891 0.2632194916246387 -0.41619510988186614 0.00663658651157241 -0.28156657469956314 0.3225880863340976 -0.11607212666934104 0.06148166073285547 0.023039694898026698 0.30308246822093765 -0.12358477513378277 -0.8219193842304979 0.3054992543404958 -0.18638920594546035 0.8743021320338676 0.6631020046737202 -1.543775273620277 0.27046085131237935 0.5947819777980466 1.3160950231033188 -0.1295209354526106 0.40131980368474346 -0.17952598216794544 0.38462378918035256 0.03365106092225246 0.22585863369149314 -0.38602746871478877 0.1116787156904433 0.04289217484104639 -0.416441836812446 0.10881132513711185 -0.06598567887822672 -0.7562200100001023
0.012662719625145591 0.15186050145735086 -0.044441201852932544
0.1577314082384941 1.9936716531856813 2.296908487685695 -0.39440989070325455 -0.08794511844866719 0.09376481184591276 -0.0594597764519323 0.04118307184013645 0.06837924316056974 0.08906703248851348 0.10150887266749203 -0.07582673102883898 1.05565499110647 0.06661830452673517 -0.17708148483236347 0.5823998049287369 0.028794225534174354 0.055620373483049615 0.2697097220210302 -0.010333617678064684 0.04147822913652334 -0.17556374015241277 0.3848736434653146 0.11606188677225168 -0.3536183406881184 -0.17949560785252916 -0.07207026424871439 -0.05598817921510674 0.03782189862110754 -0.036536712818945515 0.0 0.0 0.0 0.0 0.0 0.0 0.3054373266465543 -0.07534083310649548 -0.004038414242046301 0.126934322235745 0.27334885920169777 -0.39321818041291845 0.014641155413438234 -0.15744104314083424 0.36450095046972963 -0.05945235990430447 -0.009861913367102904 0.03476000715266553 0.2933331289437333 -0.08554120119414202 -0.8492134559668119 0.25844962855862136 0.06633162541257204 1.0346450677099288 0.638301585595264 -1.449115596811714 0.3410803150691671 0.5663520285398141 1.3367690622438146 -0.24902591692499015 0.37586570991838625 -0.15862460892236402 0.3664149208938511 0.017857248111686257 0.2347829498440397 -0.42384967033015913 0.1116787156904433 0.04289217484104639 -0.416441836812446 0.10881132513711185 -0.06598567887822672 -0.7562200100001023
0.017917787111635775 0.2734244416234801 -0.02757146647251074
0.13485980270216993 2.0802388696783716 2.2409701172339367 -0.41782546417490407 -0.05510192190280956 0.07916597324001733 0.07870537807105685 -0.0056732435080645675 0.04828489742034348 0.022299998212724433 0.17052825746751346 -0.07180624104341372 0.2747211771737866 0.0201010237303088 -0.09570502559846032 0.4727069269620302 0.030978644050046744 0.03928044319593474 0.3118799533149457 0.02342208062634343 0.005622052721926268 0.17146472689840697 0.2806139178327464 0.020188257431887034 -0.2843199772554122 -0.13197862729236895 0.01022399519695101 -0.10435627277089833 0.0746623339893469 -0.04542478466097443 0.0 0.0 0.0 0.0 0.0 0.0 0.30812454491927727 -0.10641863473173639 0.03841907221505481 0.12046614582300445 0.23003671487648122 -0.36923615000552296 0.031418827386145744 -0.06933209024238329 0.3508285003942559 -0.010696017638132037 -0.06991505642773399 0.05564176202246102 0.31531005679155466 -0.048396643613543185 -0.8265865331687479 0.2279659819002915 0.210212418734453 1.0906441654098251 0.6486727496235757 -1.4072280261601953 0.3816796419328673 0.5173771968193283 1.3683106551847213 -0.3232274385950627 0.3921800080345548 -0.16306639006699888 0.32889185512070285 0.0037976931180407703 0.2460026087692674 -0.40185977307647125 0.1116787156904433 0.04289217484104639 -0.416441836812446 0.10881132513711185 -0.06598567887822672 -0.7562200100001023
0.020050727672583757 0.3910630365447103 -0.011107922167915452
0.0630335727136254 2.1516981898680223 2.226151570007826 -0.38489758375729605 -0.030292384053503228 0.0025773768935200996 0.027797753724244957 -0.001361840616500365 0.039213231357280894 0.019249201103180052 0.1553206277779 -0.08483709147825674 0.13626148667481286 0.09005902380645879 -0.0907440504100581 0.7526875561753712 -0.018952190672860747 0.05304135227205384 0.3029332251401409 0.03213813274870134 -0.00036046937995640595 0.13478132567475454 0.30434337051137483 0.13448549773089713 -0.19695389256774498 -0.11554621329146585 0.07728783989701841 -0.11535955568466041 0.08841477722386948 -0.05245290379425388 0.0 0.0 0.0 0.0 0.0 0.0 0.2948319339768388 -0.1457327691142265 0.039923086233253004 0.10149030667520507 0.19485865304184335 -0.36141693588874524 0.02468570265898266 -0.01590425816036058 0.3500060663433867 0.003574684476517531 -0.05663612952365308 0.05403177861306787 0.3234417755750468 -0.031575267760597 -0.8690944513050688 0.22150460246133297 0.27555391728837064 1.0582963779021244 0.6208481584881954 -1.370185801018253 0.4015534023108134 0.5081366770068898 1.3121425329998946 -0.33600397355959183 0.4271763424742727 -0.11522524000302849 0.29447820457583185 0.03621203599501738 0.23030533944271037 -0.3497105494893104 0.1116787156904433 0.04289217484104639 -0.416441836812446 0.10881132513711185 -0.06598567887822672 -0.7562200100001023
0.015804741609487305 0.5122074880701546 -0.03639321712417298
0.08566058028891765 -2.1145076904028173 -2.2451017479903905 -0.4188571071093244 -0.078825547702412 -0.030323423946970202 -0.2596797687580278 -0.00022790791429764965 -0.011283521915918297 0.19999237039904869 0.09661069679543052 -0.10014423664933729 0.4159642369796614 0.016941664387697827 -0.14422425690157356 1.3144280723803874 -0.1227438241198795 0.10625210878802277 0.3035211644208922 0.010106990409756402 0.006913169562717286 -0.18278492805863314 0.33039670830798085 0.28522771914655054 -0.007475668832464345 -0.18327797006050012 0.038771575371747725 -0.10889183476913535 0.06080035473887102 -0.053135205318334953 0.0 0.0 0.0 0.0 0.0 0.0 0.1946882918544693 -0.15922803707836133 0.02512076041139815 0.07933317582132975 -0.0036210122664403896 -0.4035085162766077 0.010273298091817335 0.1173868351429963 0.3997344310632337 0.04278979563001893 -0.05403758484733384 0.03563511988663546 0.2900329632370945 -0.14067822745652744 -0.8932251780794876 0.18432026210014865 0.26917080984146957 1.0160139997239057 0.6002879255649971 -1.2198109178552117 0.4347340606466422 0.4838993550669122 1.1500759588371676 -0.38690218252722786 0.44246341772853054 -0.0886134258572301 0.2994010502327054 0.06991117928745835 0.17406401453542147 -0.3518594990016737 0.1116787156904433 0.04289217484104639 -0.416441836812446 0.10881132513711185 -0.06598567887822672 -0.7562200100001023
0.018121391248787866 0.5926710626857383 -0.06188623702637919
0.22919672601882998 -2.085889751646248 -2.23234896971223 -0.405844780438174 -0.09010201596973255 -0.011270008915968948 -0.5442558834385204 0.0890242804093774 0.03603218207481315 0.40550580619215226 0.029765715724419273 -0.06468278782777168 0.5060824285047602 -0.07336575846019622 -0.09801840616036338 1.2566579296003335 -0.08255064542665769 0.04182126214125195 0.29779871032944427 -0.010143733229603297 0.014137389563319164 -0.2723472771592767 0.3339491580455766 0.2699694218810134 -0.2204018899316489 -0.24737183525014092 -0.021975423939886805 -0.12313932394194176 0.03964811946697735 -0.023790765071517596 0.0 0.0 0.0 0.0 0.0 0.0 0.15577302435454907 -0.13045185932049405 -0.05701911555392332 0.05327789626769976 -0.1823502778626275 -0.39710788654485524 0.021771908972001288 0.23931307477628253 0.39484339502308585 0.03368906583163223 -0.01262619139363387 0.06360631977967544 0.2928727372698306 -0.2561946298272665 -0.9123054803378347 0.18333424234778217 0.32745692304537033 0.9621763342531733 0.620742948030948 -1.084898857726562 0.44151937667195673 0.5366454131211377 1.0390253386560717 -0.4111965492966043 0.37746581526440004 -0.0889116177480683 0.2929786040594378 0.07125180683303188 0.16571220194124164 -0.3354682111535257 0.1116787156904433 0.04289217484104639 -0.416441836812446 0.10881132513711185 -0.06598567887822672 -0.7562200100001023
0.02947076951062294 0.636764978123525 -0.05375018213162408
0.3931787028764732 -2.102199833598585 -2.1387737998291065 -0.4477501644615379 -0.09838467710626035 0.01594805265435146 -0.5962645903129243 0.16281033074785922 0.0550657283810282 0.5628701601649903 -0.009930295560260009 -0.024508311504565113 0.5458706856571308 -0.1491773479847816 -0.05448051745983439 0.7029215489402023 0.09480468071158768 -0.007618586667328615 0.2803679227742347 -0.05631185697241501 0.02684467443017412 -0.3220517053897806 0.2952585027348617 0.23682602246809606 -0.2860833247618096 -0.20724829260230804 -0.012774961283224816 -0.12510475735706578 0.014161022030562258 -0.005363082760066175 0.0 0.0 0.0 0.0 0.0 0.0 0.09006567407237374 -0.10126288978819602 -0.0903258284034157 0.056504154399977115 -0.26171462515526583 -0.38298203055481406 0.034010003433800416 0.2810714121743623 0.3889852693757751 0.025597755270414094 0.005862076915727767 0.06888262563465421 0.27324044136196435 -0.3287144912811496 -0.9003084464809916 0.17007555921074055 0.38439928989518796 0.9634510992693565 0.6080971586311008 -1.028169931937622 0.4678003095166665 0.568330019148141 1.0564011586045603 -0.44699568919933863 0.3299582221711695 -0.08501260071064515 0.2992797180029113 0.11187555393195729 0.1636728675196941 -0.3647082463230378 0.1116787156904433 0.04289217484104639 -0.416441836812446 0.10881132513711185 -0.06598567887822672 -0.7562200100001023
0.0465125227586729 0.670602062025434 -0.04669230804035951
0.4913526892705402 -2.1167495117332717 -2.0195466646220765 -0.5886917009283104 -0.1416516946146689 0.03784936317997683 -0.6412894094684268 0.14957198000906688 0.07214227872200778 0.6757260588115028 0.00807751025341771 -0.0349305539659325 0.7289140168199668 -0.15238979275555972 -0.07165170004416385 0.6594382525026342 0.08881628535209395 -0.02704416800921743 0.28135161283558296 -0.06418804058748076 0.03496696858429725 -0.38743737682251517 0.27523813930620616 0.24672440990909797 -0.2437388766832434 -0.19709140520421847 -0.057544464650961226 -0.12572981005233064 0.005966412724826493 0.001171885124913847 0.0 0.0 0.0 0.0 0.0 0.0 0.06422805195928226 -0.11248759782766715 -0.08955769890470726 0.0857885463201731 -0.2927651844698594 -0.37489007132923585 0.0452489547029642 0.2931882475461331 0.39942297461280873 0.020552883867782538 -0.026886556015611004 0.08216124403095172 0.22216737098469772 -0.3669098629690459 -0.8563259927914614 0.12446325291013938 0.39114911753014103 0.9648128568436927 0.6106212281449445 -1.0906360586553427 0.49193519250228646 0.5826494783430182 1.1136589401544184 -0.5046671557151106 0.329908555268875 -0.05788359430350595 0.30457706883433655 0.14275086680380325 0.14412690441936185 -0.39434243587272294 0.1116787156904433 0.04289217484104639 -0.416441836812446 0.10881132513711185 -0.06598567887822672 -0.7562200100001023
0.07352398814992372 0.7052507307889171 -0.06591830127684073
0.5837506858082131 -2.121456866026046 -1.9201102944911017 -0.7150353024967473 -0.1357572160497051 0.034637010822883056 -0.7558914825003777 0.15114511700079558 0.0905388239538972 0.8256023523714363 0.00483127109497055 -0.029492193497384096 0.8698535082125474 -0.03956648287980067 -0.0741845598972048 0.8095360771993696 0.03482524256236679 -0.02172789524085316 0.28216355220949574 -0.052773245958304044 0.02147563943296712 -0.42519884979224337 0.29954961928419155 0.2743077821876513 -0.3049876977712464 -0.2399512404838274 -0.0989677472286492 -0.1379312757595558 0.012245562813829894 0.0019153193919132076 0.0 0.0 0.0 0.0 0.0 0.0 0.03926413290401281 -0.10996169185977213 -0.08683144327075655 0.09691765881739169 -0.2818742123378865 -0.36893458381559857 0.06253732006439014 0.31211724651635064 0.384973121190927 0.004271792669011802 -0.04919573855601103 0.07820757710216622 0.19324257195843958 -0.36693055372826056 -0.8207878309046417 0.08376427338877612 0.4107655962321481 0.92723563797075 0.6308498042782876 -1.260209196957716 0.5365890026092492 0.5863168976703708 1.231698596456761 -0.5582274295871292 0.39068915842145197 -0.0507847300807258 0.31680784416900265 0.16123309287583817 0.13115499393485128 -0.40118039570067937 0.1116787156904433 0.04289217484104639 -0.416441836812446 0.10881132513711185 -0.06598567887822672 -0.7562200100001023
0.09457421916439274 0.7346162895630022 -0.08820503606935792
0.6722221291023557 -2.1127715203722177 -1.7735977827878269 -0.7755000701195305 -0.144633055650186 0.026938469493416998 -0.8580633076815453 0.15257007066179712 0.07042538502586003 0.8837313210468316 0.012060332194325207 -0.051175180075529396 0.8854900962167734 -0.04975077390331573 -0.08662438272905464 0.9368528567703128 -0.026827500056973402 -0.03430294566834551 0.3611332300412192 -0.04582499236294895 0.03414804336273679 -0.5017507946484664 0.28403021709481235 0.3047506199035296 -0.36935284714080935 -0.281645223477116 -0.1116973637519106 -0.1586891576651088 0.006738858514389216 0.011882000254668455 0.0 0.0 0.0 0.0 0.0 0.0 0.019035483469330493 -0.11371134521662872 -0.051048193420392 0.1193249626540306 -0.2810259836020114 -0.3383084684474978 0.07399125573142185 0.305705397386592 0.3740486813596088 -0.0023778445222353063 -0.08475515139655725 0.09413980514543212 0.1487874154755234 -0.38936096342597865 -0.7994418865713574 0.0500336023219555 0.39323222252946516 0.9271214216523973 0.6480297538861178 -1.3960984525018045 0.5735464275274953 0.572214011751982 1.3908538409883238 -0.6180270228275646 0.49038722915617494 -0.02974262765496296 0.32506977500593176 0.1591875508514938 0.1314773799850481 -0.40602101304390603 0.1116787156904433 0.04289217484104639 -0.416441836812446 0.10881132513711185 -0.06598567887822672 -0.7562200100001023
0.10756823130059057 0.766705247928879 -0.10638305801425985
0.7274318232637283 -2.0955018903680154 -1.67160512122446 -0.8057661059114261 -0.1387320061157729 0.03713863205328316 -0.9592504686947736 0.17448190959335294 0.04474828894371664 0.9165576859646261 0.03469072948902592 -0.06570693850164763 0.9259317928463554 -0.07231710551901697 -0.10552003794213795 1.1111465778908034 -0.06861975737152903 -0.0185685309312918 0.4047362975728204 -0.017742302057151334 0.04322157941270241 -0.5573050716740476 0.2559424003792544 0.3168649123275894 -0.3544180566629052 -0.267909906602141 -0.07712728421426952 -0.16458169916294793 0.015501958958379095 0.015279515410393362 0.0 0.0 0.0 0.0 0.0 0.0 0.025057335327689282 -0.1145278724134584 0.0010423353425620925 0.1324185298348398 -0.29249345957397643 -0.3158930276289618 0.10283408681957985 0.29998569260180025 0.3852370818383405 -0.014145488561953485 -0.15282407598325917 0.12149232505953954 0.11194078537113558 -0.4219048947726976 -0.7944769738104056 0.019343170321028877 0.30422539820152195 0.9454349579608815 0.6369370489060947 -1.4706317273098237 0.5784524468984601 0.5662529963799179 1.551455177878275 -0.6751676649554961 0.5206051257065429 -0.030631565838757386 0.32516053980413284 0.19214575902505004 0.14218685427498468 -0.4348799833777946 0.1116787156904433 0.04289217484104639 -0.416441836812446 0.10881132513711185 -0.06598567887822672 -0.7562200100001023
0.11451814411760408 0.808701791226561 -0.1177288861743061
0.7445111710788742 -2.103613728972917 -1.6314182271057582 -0.7749799334014396 -0.12070100658468853 0.0655942678341182 -1.1196569099090619 0.19017399984573158 -0.041331263402023255 0.9147040244561524 0.02447799448893507 -0.07591431974674646 0.9297219532883191 -0.0890901085031225 -0.09869845918964008 1.221780810951476 -0.08975845903763963 -0.00038130262817209553 0.40668926834149677 -0.012409018737435289 0.047472047844779756 -0.5953043874438078 0.2564201954250694 0.3104624478192591 -0.38988250781206957 -0.258236611013116 -0.04284878027218936 -0.1487223382407877 0.012697741590278366 0.01747345404853925 0.0 0.0 0.0 0.0 0.0 0.0 0.04493198003487002 -0.09260610729523162 0.012142192326324994 0.14366253822621358 -0.28955326479819926 -0.3139975652850233 0.13078654810234255 0.28011126048664103 0.4054266125163822 -0.010722828841989596 -0.1534823342205598 0.1371064000052476 0.09290681686371856 -0.41398750266079504 -0.808873166206579 -0.018448796343101342 0.24818968357613436 0.9482961403227944 0.6302012834208812 -1.455883492213477 0.590795113328743 0.5789109487863142 1.7212741579244912 -0.7072196379518423 0.5347460898941435 -0.042920060652138575 0.33169383192396995 0.25673686551167035 0.16831111949928246 -0.4768184774279668 0.1116787156904433 0.04289217484104639 -0.416441836812446 0.10881132513711185 -0.06598567887822672 -0.7562200100001023
0.11386267966979846 0.8616104366872712 -0.11801795258204606
0.7443209831641773 -2.1196481323997682 -1.6431862606638115 -0.6808502660368148 -0.09404179674863633 0.092475024562087 -1.1887188421917567 0.1155624253575883 -0.15535360006495127 0.888139179853146 0.027670550905197624 -0.057189697327243806 0.9178160627158223 -0.12495998964668557 -0.05276461167835881 0.936708771326062 -0.11969380212164842 0.007995498406792218 0.365117814815709 -0.008077279216427164 0.06966285127772333 -0.6321024504121183 0.29612032624937606 0.2822331080185385 -0.36407030326548606 -0.2652381078783156 -0.02929047524899949 -0.10302849251696104 -0.012138149456688141 0.0413327561174178 0.0 0.0 0.0 0.0 0.0 0.0 0.07850372864513468 -0.11833167351227272 -0.023041347495142347 0.17582489130432294 -0.3299311263960135 -0.34066535307177087 0.13921751129104232 0.25946211168658856 0.3971958586668112 -0.020049325321428547 -0.11741477269629975 0.1603206070072115 0.06740901458602365 -0.4182205426148918 -0.79512217646052 -0.0700606761106393 0.16599630221334874 0.9271388943959618 0.6018865045342743 -1.3443203066674732 0.5692070691811979 0.5668415010691666 1.7971951122474548 -0.6688274400219648 0.46987046774770985 -0.04754129894295281 0.337441804313913 0.297250328405958 0.16356486294962252 -0.49267925036974897 0.1116787156904433 0.04289217484104639 -0.416441836812446 0.10881132513711185 -0.06598567887822672 -0.7562200100001023
0.10318590442430864 0.9319919329907085 -0.11495822024496216
0.7196932632632695 -2.118733501529117 -1.6864046899248413 -0.5090202363916744 -0.03450841401993825 0.15057284340448648 -1.0924997707044464 0.025812278711477375 -0.1715841290559502 0.8697213596864444 -0.021638420846674538 -0.040509902449139136 0.8836866458618418 -0.1655013368109607 -0.032345956013048405 0.5826586075271875 -0.15135025149890868 0.05272678955617356 0.357861961367286 -0.03482953956365694 0.07617850985747271 -0.6763252553948608 0.30977302707387533 0.23949063235811777 -0.3321103969334108 -0.25621117671868815 -0.015252105501026469 -0.10724502403795523 0.008861870938530962 0.019799522613337527 0.0 0.0 0.0 0.0 0.0 0.0 0.061689657989099866 -0.09105598390021065 0.006740675890785924 0.17491625788996554 -0.3223798042624799 -0.3223246127898651 0.15404115113804875 0.29367373749883474 0.4296165071421925 0.027522284550921365 -0.12636502635043503 0.14994170580520635 0.09004636265033103 -0.43330896844245986 -0.795236687420522 -0.07289754349015994 0.1996963091993691 0.9199780430339064 0.5775987193331653 -1.158483421472174 0.5272264223250349 0.5378781029675127 1.651953634390421 -0.6629766460178531 0.4008752169771371 -0.04304344265559192 0.319303566156038 0.32111788758505133 0.14547619475999082 -0.49202813208727286 0.1116787156904433 0.04289217484104639 -0.416441836812446 0.10881132513711185 -0.06598567887822672 -0.7562200100001023
0.09425239351559683 1.0286916711354523 -0.11346745102073841
0.6702588470540768 -2.1209933373749448 -1.6814263851013669 -0.39998121540818393 -0.027016932860512956 0.20703076394643713 -1.0203349351832562 -0.0659841827336475 -0.14599632625704836 0.8525253425541797 -0.03669707056260386 -0.029592374272538566 0.9605438173452175 -0.21512478664051377 -0.0486440191575855 0.6164339807170722 -0.2577538147808008 0.0768708678224428 0.2943244803243288 -0.026469475624867504 0.08593359577187885 -0.5703121048081827 0.2945241864275478 0.1736121308258215 -0.1886357606173787 -0.3102949954170139 -0.04280363636767876 -0.07395530760957046 0.00849837275208536 0.02796740109842681 0.0 0.0 0.0 0.0 0.0 0.0 0.051359430850141365 -0.10804020303385171 0.020010963648384214 0.1681005667400846 -0.36996396071608206 -0.3113776275230331 0.12815107264334247 0.32990410719927077 0.4119572242287777 0.011566031181765492 -0.14061169164909337 0.14980977131015644 0.09510069290067187 -0.4284941559901293 -0.8362125545214253 -0.10006635025601204 0.19585509672585347 0.9480919608022776 0.5743903301567642 -0.9825354234943575 0.5019899072514243 0.5400878057522044 1.506325243566213 -0.6493308884194753 0.3193317894503128 -0.022741858481275825 0.2846727198265788 0.3193648416278127 0.10811857012339617 -0.48798874722596347 0.1116787156904433 0.04289217484104639 -0.416441836812446 0.10881132513711185 -0.06598567887822672 -0.7562200100001023
0.09567233024198107 1.1465721844069432 -0.11775632536564185
0.6076739873478008 -2.2008324871676663 -1.750412442589536 -0.4846739619590694 -0.10861804044322833 0.23291939979354775 -0.9845182954568984 -0.02444497561266976 -0.022037865440718857 0.8862066316161286 -0.03682645970518348 -0.044788049730206426 1.2722279413556374 -0.18029516209848376 -0.05697801908482226 0.7284136649945664 -0.2520366513995434 0.10917542782942019 0.25117947873014135 -0.010306808101934024 0.08192397822125946 -0.450561472574594 0.3306429901723672 0.17724976602657605 -0.16399111225227198 -0.2845216162944533 -0.11399670915643213 -0.08133637362711586 0.017033675878679905 0.03145292745451967 0.0 0.0 0.0 0.0 0.0 0.0 0.08408924577288053 -0.0959680929251973 -0.02056751010344372 0.17956643741317455 -0.32891165552880014 -0.3304919141309788 0.13920437167885247 0.3412141280524111 0.40241453981972536 -0.0072220595550690795 -0.11698515640315567 0.15343110877186017 0.0904414473661465 -0.4105973448967447 -0.8176641236324937 -0.09842988510331273 0.25634373711227953 0.9325786512228191 0.583988779962319 -1.112550304213379 0.5207928482915913 0.5662096087562823 1.474427927438335 -0.6125439431684415 0.3096146062754198 -0.00805574678232276 0.2972667804287254 0.2690908245438071 0.0954284594063261 -0.4720331423163494 0.1116787156904433 0.04289217484104639 -0.416441836812446 0.10881132513711185 -0.06598567887822672 -0.7562200100001023
0.10341388622945169 1.2531078206558188 -0.10693657483672836
0.5419410746811201 -2.2769658864833278 -1.8409016412047694 -0.7093470493973414 -0.17787425149287803 0.21164375358800372 -0.8630947184242068 -0.019425038273506588 0.09779438726522915 0.9241822756017835 0.01048406564119356 -0.05852231275815721 1.3938921958742527 -0.11033928891621894 -0.06721292017708254 0.7280906075027767 -0.23594031750383043 0.143443249113117 0.22778608627295202 -0.005095933574677011 0.07065757060030153 -0.5176802574838285 0.3432089429424433 0.18877593537175777 -0.24953359842432488 -0.26870454669983157 -0.11613911764257144 -0.07965413489133574 0.0365580122729169 0.039338868297356645 0.0 0.0 0.0 0.0 0.0 0.0 0.11715632626661059 -0.08487663351269903 -0.031474985278952074 0.1853111733303699 -0.2926008213130535 -0.33391403790816776 0.13912088550255253 0.3498043786175122 0.38150854985254506 -0.05486907812704523 -0.12473870014609342 0.16809945189656814 0.08555465211207582 -0.44765904657286143 -0.8334859028152223 -0.08022993342993327 0.28815316863825885 0.9654233207508307 0.6345527513266912 -1.3098913281908935 0.5846821318228884 0.5906569534567213 1.3616880768509794 -0.6622306356515024 0.4229346946706461 -0.04007363165377869 0.31752909104387833 0.2393640688988526 0.09535022129546286 -0.4456550606281579 0.1116787156904433 0.04289217484104639 -0.416441836812446 0.10881132513711185 -0.06598567887822672 -0.7562200100001023
0.10521164075780293 1.342017160925428 -0.09146080130844869
0.4724039035241727 -2.2947960876128026 -1.8783314095962134 -0.9128925316604798 -0.23362185199913046 0.13200832569320245 -0.7499275974731759 -0.04405405134808819 0.13739746151286628 0.9276496587461971 0.04705442427527901 -0.05582966720946683 1.0831266260506098 -0.13371344814273647 -0.058925481546471044 0.7613783333885479 -0.19819996230788578 0.14971503336260417 0.28046373401521035 -0.031111014354308 0.05014712883061893 -0.4605697301786 0.2848043214023292 0.19292111412823884 -0.3599017370097634 -0.2508578175191694 -0.10789634256431782 -0.11889254817956184 0.04431016191769639 0.03344097907797432 0.0 0.0 0.0 0.0 0.0 0.0 0.11366031988478047 -0.10271507563377422 -0.034944178224310875 0.17323042979255426 -0.26369906545043703 -0.35885555850154577 0.13460986517935145 0.35310841097284484 0.3648843527074296 -0.031013763335532914 -0.10930950213997663 0.17815079129888567 0.10636650716199857 -0.45887904236203414 -0.850288761464813 -0.032269350171114944 0.3426681656730838 0.9688899191875646 0.6536024392860915 -1.4868336660983252 0.6098503806171025 0.5665630699825358 1.2449489826238724 -0.6644716726443278 0.5119530515076939 -0.07188892425576915 0.3216157094244844 0.21462278236943208 0.11092105788604996 -0.426973312293289 0.1116787156904433 0.04289217484104639 -0.416441836812446 0.10881132513711185 -0.06598567887822672 -0.7562200100001023
0.10139103208623373 1.4235836837709133 -0.08623237926437688
0.4183720629726886 -2.3136542994730878 -1.928962682834447 -0.912950247105933 -0.16173347954985962 0.09629944892468115 -0.662341496428042 -0.029389368736396217 0.19679005368845667 0.9303094678560159 0.07101394440906517 -0.07121228379883188 0.5465752695180487 -0.16292717706424178 -0.06797445555152368 0.8443666103580886 -0.16628385877921797 0.1403195755700285 0.30461799015749813 -0.01940956930575636 0.021100162563530516 -0.2992225368087079 0.1979492214674616 0.12907788754131913 -0.4823994984015954 -0.25078462688941133 -0.10251245596858728 -0.13310043410867678 0.0512333686871122 0.044476054213538695 0.0 0.0 0.0 0.0 0.0 0.0 0.09681781149492785 -0.0831151522194655 -0.017083244565915104 0.14188813278759133 -0.28414075477894324 -0.37050024756644256 0.12431823840433993 0.3807505420003786 0.3628975393025526 -0.02291495868141688 -0.11420261520898288 0.17054073036273093 0.14139952310030046 -0.42862418602825003 -0.869533384265174 0.0056255605135771495 0.364601871434874 0.971219671164342 0.6791378562635377 -1.4533452811817973 0.6317468434816197 0.5459695457468424 1.163352037655456 -0.6725432726222633 0.6156718410033916 -0.0889473219038035 0.3123564350832556 0.19825179844042382 0.1308507210063708 -0.413579630606457 0.1116787156904433 0.04289217484104639 -0.416441836812446 0.10881132513711185 -0.06598567887822672 -0.7562200100001023
0.09801387945640105 1.5086991769177232 -0.0931771782695483
0.3903605366322093 -2.342481887390633 -1.9281530798849038 -0.9462688199510837 -0.19179576211640528 0.05025925921221689 -0.6829813285355594 -0.010778545191147378 0.18327073146025852 0.9143059967984598 0.0751594737785371 -0.07388920357116287 0.6697373423277547 -0.17154086915640593 -0.05531569464126449 1.0711211976378598 -0.18327067586617007 0.1766015033240234 0.3104697551488353 -0.030830346376687034 0.02995266568693106 -0.20889400700107572 0.17787281159517995 0.1758113712700664 -0.45667934306479424 -0.215168395690296 -0.08649691571108557 -0.1500886095221302 0.045581215213486785 0.04877071755171363 0.0 0.0 0.0 0.0 0.0 0.0 0.1073871847150907 -0.09441623461658374 -0.021776103556753988 0.1379874918841675 -0.30376351887491315 -0.3696576694541501 0.1218165536545269 0.38540068332621696 0.37005487359590933 -0.01977453734347209 -0.092369076104449 0.18140130084783773 0.13051873872032643 -0.417521892219797 -0.859590087430136 0.010536305726135987 0.36805585503845756 0.9793038749167823 0.6370965485080303 -1.464544220981929 0.5982128108336916 0.5185104028651752 1.16039514651572 -0.6678252031082311 0.5906378737732996 -0.07331555189212126 0.3136402631239643 0.20481447935503885 0.12398331871283111 -0.40450948884187615 0.1116787156904433 0.04289217484104639 -0.416441836812446 0.10881132513711185 -0.06598567887822672 -0.7562200100001023
0.08965125181409384 1.593387192752099 -0.11068538891441126
0.33957949636079227 -2.3573522833281007 -1.9298205711247645 -0.9428610326087058 -0.22235047752129086 0.050867922983351375 -0.8384203784794749 0.03270379877073066 0.0923581575220971 0.9306342493218177 0.05887604210065098 -0.06607938514658468 0.8535706772002276 -0.12474141679922984 -0.08045042552420154 1.4068398252229954 -0.12607066949240403 0.20904935057598292 0.3045276249282439 -0.018503311537510423 0.048895877593595156 -0.27319581755848105 0.1966980783207938 0.2832650261211457 -0.17570137619619472 -0.10584805425210342 -0.013595417045424538 -0.1607536631986973 0.04422637079627655 0.025579465531731314 0.0 0.0 0.0 0.0 0.0 0.0 0.11003080619191603 -0.09609208794455927 -0.020515465268971113 0.14756994901624787 -0.3086203390054259 -0.3659393219054115 0.1366039308729003 0.336730267788265 0.4005355816100743 0.021722257544232768 -0.10759789135739017 0.14853277745015261 0.12336967860081016 -0.43511242595037797 -0.8512961908956763 -0.021933417479062918 0.31698572378360756 0.9795089293104713 0.6776832920078345 -1.4562842074122497 0.6260831721245306 0.5241616595387213 1.3381748255645087 -0.7215623225277703 0.5419456646009057 -0.06913727606206449 0.321278659007553 0.23379553093077843 0.11486274616588801 -0.42276875927340507 0.1116787156904433 0.04289217484104639 -0.416441836812446 0.10881132513711185 -0.06598567887822672 -0.7562200100001023
0.08083191179793664 1.6726392573090298 -0.11597539755467712
0.321196403046726 -2.408132312530749 -1.897197609202361 -0.8982509297651655 -0.17434311109969683 0.054238599677675685 -1.002331889769181 0.05880416972038602 0.028518972210492464 0.9650976629432303 0.04304395888448583 -0.02699385930559496 0.8751115557531058 -0.15253839091706153 -0.07267631550429786 1.2373294373462884 -0.15623006089025912 0.09919121016128643 0.22106560096367997 0.003425693610375316 0.044132356987130666 -0.3699879771974236 0.22118241436650282 0.2691117044195297 -0.3364616697034021 -0.24949186189235162 -0.05024529432980839 -0.10244917257355085 0.04073439006871241 0.040585558731097406 0.0 0.0 0.0 0.0 0.0 0.0 0.08916862198260316 -0.11370532531326746 -0.04543414674639637 0.15034756889588763 -0.3201470061719692 -0.37184137361504593 0.12422135313013964 0.2963594008758498 0.3922932668069164 0.01185126962035338 -0.08567290878983239 0.1595856344456828 0.11402453377595935 -0.43108433258942125 -0.8332445904007317 -0.04149621512009296 0.2360539966123539 0.9714734348379545 0.6894657023477209 -1.407769981692761 0.6173676280437377 0.5812535647724318 1.5380073132637269 -0.7358736422337159 0.4728827915131594 -0.08090788120253047 0.3480086263806268 0.2706721592802655 0.12473306994042765 -0.46952137506464364 0.1116787156904433 0.04289217484104639 -0.416441836812446 0.10881132513711185 -0.06598567887822672 -0.7562200100001023
0.07874942811933872 1.739466418768371 -0.10184724932720357
0.27153274825669316 -2.4698952890476304 -1.8895436865532413 -0.8375947324776817 -0.13161298641287 0.0759862794907088 -0.9889788123689579 0.06912190590740754 0.034961494094734646 0.9499984606280905 0.03144975573869432 -0.012912092295474945 0.8953784588554057 -0.14871791707331625 -0.05475949428349099 0.7708102931249128 -0.13849037073475895 0.041657348117335215 0.23875423399344653 0.005969785471633877 0.048722753516466086 -0.4581687157378584 0.24304810474731578 0.2522494967430667 -0.28250454592436336 -0.2766374114367654 -0.028422370895579675 -0.10185947467953484 0.03812567551653948 0.036873119777876294 0.0 0.0 0.0 0.0 0.0 0.0 0.07775384649421686 -0.08521817201908453 -0.04944175516303446 0.14562815628580764 -0.30112446657653297 -0.3704698907131869 0.12905662688988206 0.2992226734031893 0.39442340762570693 0.020816966259659883 -0.08577963948245208 0.14237598533379842 0.124650424249376 -0.4356851441595875 -0.829236047285454 -0.033557256458682495 0.2581188436792708 0.9709481121363247 0.6652466635423707 -1.353449494908975 0.6094119586041316 0.6021766993143464 1.4979954270041365 -0.7227071566442214 0.43499231819391054 -0.07601942939757295 0.34871500988135073 0.30092682491537814 0.11495562877737478 -0.48169989303077926 0.1116787156904433 0.04289217484104639 -0.416441836812446 0.10881132513711185 -0.06598567887822672 -0.7562200100001023
0.08271726235606708 1.807168114168604 -0.09276657381892539
-0.1985612872753354 2.4551077813140703 1.921604888288935 -0.8066693354379428 -0.14450409210260018 0.09151025760713276 -0.9383233956623214 0.08058505956939874 0.08502060576151814 0.8843571277056499 0.06665534602123496 -0.02331452731209345 1.0822564004431596 -0.10381776829656005 -0.0759340021186299 0.8616361603814405 -0.11616752130386182 0.05302124704867078 0.36238848303213433 0.03354710890725263 0.0736330703743102 -0.4625966899861115 0.30049774780829086 0.2601690383777066 -0.27276925068481767 -0.2503005022298141 -0.1198020325492149 -0.12795160778840328 0.015553152011029737 0.05601100840703032 0.0 0.0 0.0 0.0 0.0 0.0 0.04620547956310734 -0.08830485686933023 -0.03866719634304393 0.14703525488923827 -0.37693337585158526 -0.3590152938628405 0.08140401810637726 0.3302177130449963 0.3569265669544369 -0.003686000040367557 -0.09628741736701649 0.10103623517652231 0.08974431992347445 -0.4580827229037142 -0.8523131230049236 -0.04179566896761204 0.28861173055124273 0.961079430713669 0.6187551481154633 -1.3182638678640295 0.618045372100404 0.5888054777883881 1.4239336666428504 -0.7098478316383178 0.46273445544369396 -0.03402262985856836 0.31096263156034176 0.28422678206417734 0.08886509595552633 -0.44970935781729854 0.1116787156904433 0.04289217484104639 -0.416441836812446 0.10881132513711185 -0.06598567887822672 -0.7562200100001023
0.09056262807924581 1.8799285823317249 -0.1026263225120625
-0.14411904397168515 2.4327057192815937 1.9069355783821407 -0.8550814567028919 -0.19989368765887128 0.10794341519860795 -0.8572037803198531 0.10040465137105813 0.13145530755916054 0.9001086358034806 0.062477383327669334 -0.02461346726686339 1.3041098052197089 -0.05488137465293873 -0.10736391451352748 0.9046489931806546 -0.09216584141398061 0.048357374410058294 0.39416970708870747 0.01883952276601052 0.06753073353260133 -0.29695876198769694 0.28335989972397807 0.21053952648887214 -0.37623365719526475 -0.2594502507832267 -0.179393032714922 -0.17883201070749152 0.013617981347332558 0.053157128934581 0.0 0.0 0.0 0.0 0.0 0.0 0.04406820593984365 -0.07852713469834151 -0.05083038228110569 0.14321752326698645 -0.34370521380015684 -0.36698117587106227 0.09016498941738486 0.3382495689970698 0.36278135292909447 -0.024823521559845324 -0.08304478407494112 0.10747649557410381 0.10952743658714867 -0.4626590590949122 -0.8551877973551997 0.0027045546994901334 0.36323004128481196 0.9460235211822969 0.6294860060474413 -1.385628616529587 0.6314085124766832 0.5983685074658075 1.3317919598763428 -0.6838095032757723 0.5145138987191072 -0.03285475946377321 0.30084452292891933 0.2828890633042287 0.09198757426918446 -0.4321011508958233 0.1116787156904433 0.04289217484104639 -0.416441836812446 0.10881132513711185 -0.06598567887822672 -0.7562200100001023
0.09833407634334262 1.9511015558080287 -0.09902901845108747
-0.02178665344399419 2.426438530029306 1.896486258312293 -0.9434629735407355 -0.19416760291547114 0.12135340045433604 -0.7774896988268618 0.1265327683540561 0.12085031339685637 0.8390157984263952 0.10990719947423151 -0.08119220790210503 1.3030348930039801 0.02943644812842898 -0.1460587897196256 0.9319962960733413 -0.06196710916842706 0.03963323580833602 0.49743394016977854 0.006455437638076133 0.060186311886657906 -0.35678402978180956 0.2956224073730635 0.21017430093916759 -0.45906463933392194 -0.23853063304144584 -0.17951955410116813 -0.22710393204174778 0.004244640793652442 0.05414052216738624 0.0 0.0 0.0 0.0 0.0 0.0 0.008290731182403817 -0.04555200157408978 -0.0012807994805753824 0.11480679296587594 -0.31797770621553495 -0.3488896170375438 0.08148682465355223 0.37780600704343187 0.36693801898506434 -0.029217317722112505 -0.11566777644357142 0.08282348586213631 0.1245653519909457 -0.46542516057461214 -0.8902875823046422 0.03089090420390468 0.4366416324342809 0.9213327442009012 0.6207905570088511 -1.4422607228911941 0.6386513515007094 0.5355150343687899 1.1622410213477985 -0.6610832620699172 0.6197212775585692 -0.031138306715267423 0.29971082538659877 0.25345497202477285 0.0913047497293718 -0.401653415522753 0.1116787156904433 0.04289217484104639 -0.416441836812446 0.10881132513711185 -0.06598567887822672 -0.7562200100001023
0.1035104768175365 2.0196128116888175 -0.09376944207456528
-0.01352006268639402 2.434408025649244 1.919433447790542 -0.9607025965081423 -0.1737028544486737 0.11858958442871119 -0.6153695800322608 0.09031460047414756 0.1258192410001898 0.8399291582447458 0.10580434245246383 -0.07111274453811338 0.9397384503771007 -0.015359390128085898 -0.09604842257035989 0.8728149588536777 -0.013039335296817665 0.010382882168014102 0.32988200812692825 -0.03135528222377588 0.031085680687661967 -0.34338329895399755 0.2769010944308805 0.18787045055068638 -0.4884619620735323 -0.26097511214976193 -0.12846801660749857 -0.16425718539832757 0.03547437132265343 0.04985377820542261 0.0 0.0 0.0 0.0 0.0 0.0 0.0460993041876712 -0.07713827248404824 -0.01618035721493673 0.10489458116560686 -0.29667488465193365 -0.38014256685178976 0.10029026656009178 0.3967523704234484 0.38672281197854047 -0.015109572385168548 -0.09067901978209991 0.11635061489731414 0.1667328999564464 -0.4257391530277981 -0.9060798268801937 0.0677271288895079 0.4402444607402475 0.886415027414213 0.6210192697272648 -1.3998060798433496 0.5945641078335032 0.5535425425554682 0.9980787663897837 -0.5645277109815541 0.611527616540453 -0.036173319042816295 0.28577897869247587 0.16850465122345346 0.07013761779111591 -0.32658004695542847 0.1116787156904433 0.04289217484104639 -0.416441836812446 0.10881132513711185 -0.06598567887822672 -0.7562200100001023
0.1022035641571935 2.1043981778181657 -0.07594972417710455
0.013405251281456525 2.4471497836383844 1.9260766552061126 -0.8343424720375219 -0.16506714312622242 0.11235071073267254 -0.4325275785800995 0.06639182226697256 0.10467594638653768 0.6891545506560174 0.11767496630398729 -0.08889222667938101 0.4746221143799763 -0.10607841424709542 -0.06543412829792909 0.7853297493997053 0.017280359352523318 -0.005139470262674248 0.3212370943293044 -0.046975302303477115 0.016457455527189482 -0.0698086024248293 0.2181404439589844 0.09990782712857577 -0.48803763747476414 -0.263850007444962 -0.10165806433691132 -0.14128859349555933 0.040574229221372986 0.0440752277074416 0.0 0.0 0.0 0.0 0.0 0.0 0.01967418727339458 -0.0871055117332115 -0.004231919666844877 0.07882500686845102 -0.2703867550693009 -0.40179962494083127 0.08213931840704393 0.3488416411856188 0.39819326997499793 0.008450488305411131 -0.06946703149024026 0.12775521130794593 0.20938175709403503 -0.3695094581212275 -0.9343363423609533 0.14241845454045307 0.3880135468751075 0.9171315231158698 0.5791083584537532 -1.2659389253222044 0.5609044390492296 0.5630114212239726 1.043217363385059 -0.5386143764007991 0.47535894930105405 -0.03612345185559898 0.25109775106341914 0.15584492853478807 0.08691139529252348 -0.30167316683910983 0.1116787156904433 0.04289217484104639 -0.416441836812446 0.10881132513711185 -0.06598567887822672 -0.7562200100001023
0.09344754340962214 2.208863293699058 -0.05777162842251571
0.055308496622820544 2.44624047283341 1.9082531123995699 -0.6909940783547517 -0.12413784493878305 0.06231920093612205 -0.26723184425575536 0.05209319782488068 0.06304142444455614 0.4761922655717255 0.118565526734575 -0.11342427764256582 0.49465526570924645 -0.08256210432114311 -0.07839346554890284 0.7390773944580967 0.0521205961526787 -0.006525832356537155 0.307895126017262 -0.060240729201877716 0.018536717583116365 -0.16111272702021137 0.24323359043257342 0.16963725826402273 -0.3903096327131982 -0.2411057919448589 -0.039522006401958264 -0.09924292079248623 0.03314920898326977 0.020268606823776635 0.0 0.0 0.0 0.0 0.0 0.0 0.0072218808030891975 -0.12447215943650827 0.014204171321337392 0.07047494650966935 -0.1789538123152333 -0.4220699891746214 0.03493561414099699 0.237692370577205 0.4058874192398265 0.0040543709740078065 -0.039071007688330085 0.12394355097753727 0.24506543669486835 -0.2889192585717603 -0.92020271629252 0.18583220320670815 0.3018911119363866 0.92994961369172 0.6029507998570339 -1.301233538208887 0.5034534656436457 0.5750605712291743 1.1788835350814548 -0.44678686250372035 0.42320091369598817 -0.04628999633771581 0.2791160617279067 0.13773935652414912 0.1184953208383297 -0.3149429719526779 0.1116787156904433 0.04289217484104639 -0.416441836812446 0.10881132513711185 -0.06598567887822672 -0.7562200100001023
0.07596933765155062 2.3388419131833844 -0.04580614959318641
0.07367798892316979 2.462707950321099 1.9209846269907414 -0.520830067539549 -0.12675968575715232 0.02498642463139132 -0.24769908133373061 0.040888524204733726 0.008096096020583027 0.30067663769898967 0.09082072037382799 -0.13870665572560625 0.5232608268122365 -0.09972778425352881 -0.13873511968943117 0.8916087905349735 -0.006789872975738622 -0.002906640364914956 0.24735839119253158 -0.061476115427878154 0.043276830148558626 -0.2735845550362577 0.2580984128631067 0.18899410490863902 -0.010895298045073463 -0.23576279620115675 0.012757782591993014 -0.06874514451364956 0.01565776626127703 -0.000744353353040393 0.0 0.0 0.0 0.0 0.0 0.0 0.016884117056235683 -0.1307650030752157 0.016357025795142054 0.05748221964452412 -0.13565497485610495 -0.4045408756056043 -0.02084543667629133 0.08776544190949974 0.39673789076725824 -0.009008643598606165 -0.03074949850967157 0.10422413543627924 0.28113371857640396 -0.30346259402403314 -0.8818021806926943 0.24589411229799155 0.1244823399713891 0.9771749873410536 0.64623386013328 -1.3420533534795023 0.43731951221381465 0.594011642744051 1.2701019409277932 -0.3748462275025391 0.33282205167547546 -0.0953850119730577 0.3028622071524054 0.09000020829711954 0.1216752733922618 -0.34883007641363195 0.1116787156904433 0.04289217484104639 -0.416441836812446 0.10881132513711185 -0.06598567887822672 -0.7562200100001023
0.05948781216275023 2.482294234948066 -0.023775699118117943
0.06122015580361107 2.4332975569008775 1.9811826163244344 -0.31192822473536524 -0.11519090564755828 -0.0078266240409531 -0.4252333931191003 0.06742052231303708 0.00044208244336149167 0.21672111260890398 -0.003540759176107957 -0.12956619604330197 0.5347815357317379 -0.18388618520145397 -0.16273802340291144 1.2235132528750983 -0.06450955068619318 0.03553464390644535 0.20781694627171557 -0.0700317794801298 0.04640890321714211 -0.29153109745401673 0.2863700185096688 0.15600580211571238 -0.022442429121538314 -0.2764558051230308 -0.021502913474634355 -0.06573685871225436 -0.008319209368145354 -0.011823075090979964 0.0 0.0 0.0 0.0 0.0 0.0 0.014339802907287182 -0.111762670208306 -0.009681524894254234 0.02130552431425785 -0.11859338609097116 -0.4241047377625083 -0.04073139828214285 -0.030007246861468412 0.3738197554587567 -0.042651156614903596 0.006518422258617986 0.11300790415776038 0.25237376740401574 -0.34848050212800896 -0.8216160034585787 0.3244539958179144 -0.08435810612262179 0.9929147211916819 0.5916979245941124 -1.4299293370630122 0.41398038664241105 0.6372536655032931 1.2633294430982875 -0.2964517265812027 0.3718728326204 -0.11287533108568806 0.3358727230416532 0.054728561063216594 0.13092129934388377 -0.3546679631214449 0.1116787156904433 0.04289217484104639 -0.416441836812446 0.10881132513711185 -0.06598567887822672 -0.7562200100001023
0.04960553975902632 2.622347708772078 -0.012102196677764021
-0.014989943434970942 2.4065837847882574 2.0160375181430847 -0.05705772277411339 -0.04149944082439781 0.01022072115638757 -0.6581208443791491 0.02736503137458741 -0.012343034314390714 0.16354158556436862 -0.11172707725513731 -0.07438818761478379 0.41134020745169286 -0.31666757783051563 -0.12798732118027953 1.1946125398270584 -0.13622267682551012 0.0895350687475367 0.17838643339520194 -0.08016265763013046 0.057467203873903375 -0.20987647961985428 0.3066867587247215 0.07039011051330588 -0.09991644418486122 -0.29857673719893824 -0.05832415283562126 -0.05734813341954474 -0.0478797955790234 -0.006929558488804563 0.0 0.0 0.0 0.0 0.0 0.0 0.015818602036268142 -0.06902206889683005 -0.04081376007913214 -0.016443757738031306 -0.10247152893072527 -0.41540488312300594 -0.04796111032846781 -0.13075057169732357 0.2976794927306419 -0.08150688311290982 0.0386604735859297 0.10485243980578798 0.1865848737629815 -0.41553501964355627 -0.7517741156283311 0.3910427602132884 -0.3086165077977286 0.8987624080228852 0.5041112653029796 -1.5629495713716017 0.38820724438605175 0.6657631247205308 1.1556749796063408 -0.18218335943109024 0.473011448103066 -0.12976517527501938 0.37485134678615745 0.004791329522888672 0.1457625418962623 -0.26307571347597575 0.1116787156904433 0.04289217484104639 -0.416441836812446 0.10881132513711185 -0.06598567887822672 -0.7562200100001023
0.047815065721297956 2.766541386874352 -0.003943091701058221
-0.09814102933618081 2.4466627177674036 1.9528387046076154 0.10466167863756859 0.006788455193085819 0.06028641682123154 -0.6981895845660766 0.058889153223035305 0.038729641619295874 0.031783033790924405 -0.1930763231800571 -0.01569317698254912 0.24387424406924127 -0.2940575696285166 -0.05608060763875128 0.6474598315599248 -0.12359908731366298 0.10958069487340057 0.18517475605867462 -0.11000594920505799 0.08256449702748508 0.21900942656641376 0.296703909609507 -0.10608840412103014 -0.08536821104970067 -0.23378397355651753 -0.05488321110205431 -0.07125820569198436 -0.0823534765036851 0.012945409120863631 0.0 0.0 0.0 0.0 0.0 0.0 0.0615110094926785 -0.012577831270104523 -0.08681211382354696 0.009909728165751202 -0.018278088889124185 -0.3698665602577552 0.002278755070379954 -0.2356819839339549 0.1956042123083508 -0.16222786430353395 0.07270891573894221 0.08925397520159502 0.18359303419929707 -0.3307679293899883 -0.7147264146530932 0.3687390281896039 -0.42895465894590457 0.7753546123204993 0.5150436887307632 -1.7361938669730455 0.34589701570135245 0.6336891370811983 1.2452061335524327 -0.10069206217971649 0.5060381298325997 -0.1677751480194699 0.39283733908572976 -0.017070280176477316 0.1951300696496336 -0.23577560980841045 0.1116787156904433 0.04289217484104639 -0.416441836812446 0.10881132513711185 -0.06598567887822672 -0.7562200100001023
0.05618722980204072 2.933137396500949 0.021866385208138994
-0.023483404854445337 2.3880503727933196 1.9944518035375511 0.09025368697703279 -0.04100152049943226 0.03393890907497499 -0.5153167554917704 0.09490296713653402 0.07418957445435972 -0.04059459943249648 -0.15950298729274429 -0.016168554680474442 0.6171280959855816 -0.15766327703948493 -0.09020895592926693 0.6060684358393728 -0.08666644973361338 0.10527558423421624 0.21643153079013247 -0.10389497009171764 0.07293783080054903 0.4028852220571366 0.3082681760049734 -0.09813320867320248 -0.12790116233712637 -0.21525610079402357 -0.10570019918044023 -0.05972193565467383 -0.06395271008265248 -0.005196155394667699 0.0 0.0 0.0 0.0 0.0 0.0 0.10694297797682874 -0.012325781745568191 -0.09532165173052627 0.04438963299117338 0.11129406359881495 -0.3295249637673232 0.014194960991566485 -0.27316794873085015 0.20224085674006237 -0.20546800168737112 0.06076150980780915 0.060698601671212354 0.23161754749266306 -0.21927409571437517 -0.7395041622584183 0.3495306648900104 -0.37410088166162936 0.8149348942443135 0.6184092354424149 -1.8477495098690926 0.2935422840686474 0.5821453597247576 1.3835045442044984 -0.10030603029869013 0.41149697304685096 -0.21709697666560632 0.39937436566922285 -0.01513865930956196 0.2254925083523345 -0.3080623216385646 0.1116787156904433 0.04289217484104639 -0.416441836812446 0.10881132513711185 -0.06598567887822672 -0.7562200100001023
0.06553451878602717 3.1116073462419616 -0.00288568906831721
0.12968149373271204 2.2675943391950955 2.019626766878579 -0.17787069731671598 -0.054490747039966786 0.07565273669777707 -0.3028472495636046 0.09544311467992672 0.07237894461066514 0.03652746207616517 -0.002782425766330168 -0.02643217865585689 1.1860266352155584 0.029010550490506277 -0.20627165832297495 0.7602216782932026 0.02501011706016544 0.09890871709963213 0.18159274587343413 -0.01949762188239488 0.07077918476364889 -0.028604404058825226 0.35650768577091996 0.06311301626920994 -0.36629090896631145 -0.1812143061203102 -0.09810341371326987 -0.039035372527077464 0.0044008576442657295 -0.028473309956840668 0.0 0.0 0.0 0.0 0.0 0.0 0.0482211752390273 -0.05343891517816142 -0.038293972920680604 0.06984574314459589 0.25397010907996664 -0.38546057805456563 -0.04553229615903658 -0.20673922452407645 0.38709755516547173 -0.14029875260032557 0.012551304210249642 0.01982280674139889 0.2985811429986092 -0.12761496503749456 -0.7580596526360398 0.27822440661582626 -0.035506621496951045 0.9167092902245614 0.7149262115252084 -1.6968500964454107 0.26853864235361685 0.5282639964825326 1.4988331199715572 -0.16745051043445475 0.38286075076575726 -0.1602180784643966 0.39630515072177075 0.016256034224184392 0.2115442525295243 -0.4739527812692128 0.1116787156904433 0.04289217484104639 -0.416441836812446 0.10881132513711185 -0.06598567887822672 -0.7562200100001023
0.07189664962894426 3.2655426596745976 -0.04794485155908934
0.267054663543947 2.2635527481566675 1.981815629203198 -0.47046794413696746 -0.11340242411863966 0.0797284365368823 -0.03139195538872223 0.047042683961435114 -0.023049902513628356 -0.0016329757248879802 0.17828092891594585 -0.08190183420139671 1.0255328066771074 0.10363140045342405 -0.20813217194673064 0.5363079510052389 0.10981245510338797 0.03949709782724696 0.17384111241879446 0.04771176978476198 0.04869095532760529 -0.17496899589517448 0.3488324035368695 0.15831154444693568 -0.07986643890020909 -0.10125632436179399 0.05744784187362369 0.0012054474034022646 0.09078913686507892 -0.04638186180738126 0.0 0.0 0.0 0.0 0.0 0.0 0.12429470344704267 -0.13102194610122148 0.04353619808032483 0.07129209821326365 0.3313334085594555 -0.29675533518934644 -0.10091454003804266 -0.10766040677015741 0.36644212351907385 -0.3313882452770811 -0.10750409341723893 0.08352746051426597 0.3513028862392941 -0.003179273751999461 -0.6447050962950845 0.18169676123619766 0.24772146976632725 1.0327577625054358 0.7991767689402328 -1.8403560818586369 0.2592936143594004 0.529654331767991 1.7172685952704985 -0.2512632785595731 0.19144555867157753 -0.2466859301510539 0.4714188759739289 -0.03350735798316105 0.24965938337121077 -0.539209793008875 0.1116787156904433 0.04289217484104639 -0.416441836812446 0.10881132513711185 -0.06598567887822672 -0.7562200100001023
0.07446408364196955 3.439242686030795 -0.007719257387887701
0.24907018583324367 2.340526783794372 1.9667323101927812 -0.4518212435636258 -0.17969909048401514 0.0312977963609649 0.10740063955811577 -0.01687714043073527 -0.07896092902244138 -0.11241604280152569 0.2434391011071524 -0.11079696931753802 0.306215576988789 -0.008236670708036546 -0.11343440937555034 0.4193915143345308 0.021199824265757814 -0.0040272606488961 0.2172634522787332 0.07192906111107658 0.04054630011077427 -0.03881918171777516 0.2946857213748292 0.12779892827038322 0.5133232294639084 -0.09574207310367717 0.1813704879763536 -0.006850891012858167 0.11305895132561013 -0.06359997545118276 0.0 0.0 0.0 0.0 0.0 0.0 0.2017425105366422 -0.17534016500614696 0.08575949111013378 0.09291284862292483 0.3248842605351421 -0.20536335521129595 -0.08390853552895339 -0.0875766915477725 0.27556376416469425 -0.4472016160616448 -0.1919778837082955 0.1380903754650789 0.3599891639042604 0.0385996910500093 -0.6480913247775227 0.15193210463039078 0.24447632731955174 1.0482141112471381 0.7926048399272223 -1.9737578878321003 0.2724526462833044 0.5653503190360722 1.8685008177284192 -0.22145400738837034 0.14158881631835693 -0.2603274265566961 0.4792083327411246 -0.058923013959676813 0.2731851519252707 -0.510821126418396 0.1116787156904433 0.04289217484104639 -0.416441836812446 0.10881132513711185 -0.06598567887822672 -0.7562200100001023
0.07494410532442514 3.641409374334744 0.03817458624449699
0.14531611882568052 2.3120982054886103 2.085342161236376 -0.2829280776743428 -0.17644187145897028 -0.052658712039795164 0.019680334736259898 -0.011994055250710331 -0.07661523708990221 -0.09434059463447764 0.1374691413440444 -0.11537511349887347 0.3595680050125727 -0.1092997145418745 -0.11103273615092393 0.9525208630002285 -0.04786998282488952 -0.0302435518054761 0.24628895219397828 0.041914906918313254 0.04448024889310214 -0.1776453292541445 0.3248538642878871 0.20118121463052252 0.329693174430952 -0.1872665937906798 0.1519884679199706 0.06598020207387852 0.1041534898937827 -0.04193997096658656 0.0 0.0 0.0 0.0 0.0 0.0 0.20268754084319354 -0.2188526938602117 0.05724794415915288 -0.018412870567129633 0.3381730101735005 -0.3633521173314159 -0.04464088979916072 -0.16926831846210033 0.3796528775992594 -0.6025132013368354 -0.10881908127807269 0.21232002308112208 0.3478347559085821 -0.02007459775359523 -0.674109079753526 0.1639071987291159 0.11047106973538634 0.9481392541925261 0.7410729134111318 -2.025841097821656 0.21616237560231735 0.5893787175093992 1.7836689905770045 -0.12667615107012428 0.29747930045974047 -0.22983933259842546 0.5118216252942503 0.02961040080153709 0.2789927117881087 -0.4849034440391862 0.1116787156904433 0.04289217484104639 -0.416441836812446 0.10881132513711185 -0.06598567887822672 -0.7562200100001023
0.07335772212944153 3.848201440026002 -0.007860964199592035
